[Dimensions]
InputCount=3
OutputCount=5

[InputMinValues]
Input0=98.83246613
Input1=49.64409637
Input2=119.7555008

[InputMaxValues]
Input0=142.2685242
Input1=70.44560242
Input2=141.0083923

[OutputMinValues]
Output0=103.2335052
Output1=115.0028915
Output2=80.98235321
Output3=92.12239838
Output4=10.7

[OutputMaxValues]
Output0=185.2871857
Output1=134.1579895
Output2=88.96846008
Output3=100.390625
Output4=12.6
